2.519620000000000000e+05
3.600000000000000000e+01
1.030000000000000000e+02
7.200000000000000000e+01
2.200000000000000000e+01
2.400000000000000000e+01
8.000000000000000000e+01
2.750000000000000000e+02
3.198000000000000000e+03
0.000000000000000000e+00
1.100000000000000000e+02
4.290000000000000000e+02
8.200000000000000000e+01
2.270000000000000000e+02
2.000000000000000000e+01
8.610000000000000000e+02
8.020000000000000000e+02
2.080000000000000000e+02
7.531000000000000000e+03
5.450000000000000000e+02
6.590000000000000000e+02
2.043000000000000000e+03
3.310000000000000000e+03
6.469000000000000000e+03
8.449000000000000000e+03
4.994000000000000000e+03
1.007700000000000000e+04
1.005400000000000000e+04
4.187000000000000000e+04
7.630000000000000000e+03
8.056000000000000000e+03
4.261000000000000000e+03
1.218000000000000000e+03
1.230000000000000000e+03
1.066500000000000000e+04
5.173000000000000000e+03
1.837000000000000000e+03
2.240000000000000000e+02
1.600000000000000000e+02
1.920000000000000000e+02
1.970000000000000000e+02
2.800000000000000000e+01
2.310400000000000000e+04
8.000000000000000000e+00
1.600000000000000000e+01
2.130000000000000000e+02
5.900000000000000000e+01
1.130000000000000000e+03
3.140000000000000000e+02
5.004000000000000000e+03
5.090000000000000000e+02
7.682000000000000000e+03
1.000000000000000000e+01
7.000000000000000000e+00
1.520000000000000000e+02
1.000000000000000000e+00
1.920000000000000000e+02
2.000000000000000000e+01
6.000000000000000000e+00
1.067000000000000000e+03
5.120000000000000000e+02
8.000000000000000000e+00
4.000000000000000000e+00
8.000000000000000000e+00
1.600000000000000000e+01
1.200000000000000000e+01
3.000000000000000000e+00
0.000000000000000000e+00
7.200000000000000000e+01
1.000000000000000000e+00
1.300000000000000000e+01
2.182000000000000000e+03
9.000000000000000000e+00
1.660000000000000000e+02
1.000000000000000000e+00
7.000000000000000000e+00
1.400000000000000000e+01
1.300000000000000000e+01
4.900000000000000000e+02
5.900000000000000000e+01
4.700000000000000000e+01
3.100000000000000000e+01
1.900000000000000000e+01
0.000000000000000000e+00
0.000000000000000000e+00
2.150000000000000000e+02
0.000000000000000000e+00
3.000000000000000000e+00
1.100000000000000000e+01
5.300000000000000000e+01
1.000000000000000000e+00
0.000000000000000000e+00
4.200000000000000000e+01
9.230000000000000000e+02
5.000000000000000000e+00
1.200000000000000000e+01
1.230000000000000000e+02
6.000000000000000000e+00
2.170000000000000000e+02
2.830000000000000000e+02
1.000000000000000000e+00
6.600000000000000000e+01
3.200000000000000000e+01
3.000000000000000000e+00
4.240000000000000000e+02
1.410000000000000000e+02
5.845000000000000000e+03
3.700000000000000000e+01
1.250000000000000000e+02
3.100000000000000000e+01
1.100000000000000000e+01
6.000000000000000000e+00
4.650000000000000000e+02
1.607000000000000000e+03
2.200000000000000000e+01
7.000000000000000000e+00
8.500000000000000000e+01
2.118000000000000000e+03
1.500000000000000000e+01
3.740000000000000000e+02
4.520000000000000000e+02
2.200000000000000000e+01
1.430000000000000000e+02
1.621000000000000000e+03
1.440000000000000000e+02
3.680000000000000000e+02
1.500000000000000000e+01
3.000000000000000000e+00
2.783000000000000000e+03
6.400000000000000000e+01
8.930000000000000000e+02
7.920000000000000000e+02
4.080000000000000000e+02
1.180000000000000000e+02
1.207000000000000000e+03
3.669000000000000000e+03
4.269000000000000000e+03
1.500000000000000000e+01
2.169000000000000000e+03
3.033000000000000000e+03
2.483000000000000000e+03
4.366000000000000000e+03
9.000000000000000000e+01
3.541000000000000000e+03
3.601000000000000000e+03
7.810000000000000000e+02
1.388800000000000000e+04
1.942000000000000000e+03
1.972000000000000000e+03
4.147000000000000000e+03
3.622000000000000000e+03
7.488000000000000000e+03
4.343000000000000000e+03
5.611000000000000000e+03
2.762000000000000000e+04
2.658000000000000000e+03
2.172100000000000000e+04
2.840500000000000000e+04
2.976000000000000000e+03
2.473300000000000000e+04
2.242400000000000000e+04
2.209000000000000000e+03
2.171100000000000000e+04
1.679500000000000000e+04
1.930500000000000000e+04
1.658000000000000000e+03
2.150000000000000000e+02
1.600000000000000000e+02
5.700000000000000000e+02
6.700000000000000000e+01
1.094320000000000000e+05
1.600000000000000000e+01
4.000000000000000000e+00
9.780000000000000000e+02
3.700000000000000000e+01
4.000000000000000000e+00
2.577000000000000000e+03
7.707000000000000000e+03
1.293000000000000000e+03
1.612600000000000000e+04
4.600000000000000000e+01
2.700000000000000000e+01
6.130000000000000000e+02
3.000000000000000000e+00
7.240000000000000000e+02
1.000000000000000000e+00
5.000000000000000000e+00
4.342000000000000000e+03
4.028000000000000000e+03
1.700000000000000000e+01
4.000000000000000000e+00
6.000000000000000000e+01
1.280000000000000000e+02
6.900000000000000000e+01
1.000000000000000000e+00
0.000000000000000000e+00
4.130000000000000000e+02
0.000000000000000000e+00
2.800000000000000000e+01
8.186000000000000000e+03
1.500000000000000000e+01
1.280000000000000000e+03
4.000000000000000000e+00
1.400000000000000000e+01
3.800000000000000000e+01
1.400000000000000000e+01
9.510000000000000000e+02
5.600000000000000000e+01
2.420000000000000000e+02
7.600000000000000000e+01
3.000000000000000000e+01
8.000000000000000000e+00
0.000000000000000000e+00
4.430000000000000000e+02
2.000000000000000000e+00
1.800000000000000000e+01
1.800000000000000000e+01
6.200000000000000000e+01
1.600000000000000000e+01
2.000000000000000000e+00
6.800000000000000000e+01
1.443000000000000000e+03
3.600000000000000000e+01
4.000000000000000000e+01
1.090000000000000000e+02
2.400000000000000000e+01
1.340000000000000000e+02
3.900000000000000000e+02
6.000000000000000000e+00
8.600000000000000000e+01
7.600000000000000000e+01
2.200000000000000000e+01
3.190000000000000000e+02
8.700000000000000000e+01
6.324700000000000000e+04
6.300000000000000000e+01
1.070000000000000000e+02
1.150000000000000000e+02
6.100000000000000000e+01
7.900000000000000000e+01
2.410000000000000000e+02
1.431000000000000000e+03
1.090000000000000000e+02
1.370000000000000000e+02
2.280000000000000000e+02
3.419000000000000000e+03
1.140000000000000000e+02
2.120000000000000000e+02
2.370000000000000000e+02
9.700000000000000000e+01
9.200000000000000000e+01
4.840000000000000000e+02
5.200000000000000000e+01
8.700000000000000000e+01
1.700000000000000000e+01
1.000000000000000000e+01
